n: 62586
m: 147892
62500

1
62586
147892
62586 2.793724775314331 False
2.074274778366089
62559
147864
62586 False 4.76837158203125e-07 False

5
62586
147892
62586 1801.973582983017 timeout
2.092885732650757
62559
147864
62586 False 2.384185791015625e-07 False

10
62586
147892
62586 1801.9764003753662 timeout
2.117163896560669
62559
147864
62586 False 2.384185791015625e-07 False

25
62586
147892
62586 1802.0396220684052 timeout
2.3362648487091064
62559
147864
62586 True 1801.166773557663 timeout

50
62586
147892
62586 1802.0238313674927 timeout
2.1261284351348877
62559
147864
62586 True 1801.1668944358826 timeout

75
62586
147892
62586 1801.9395325183868 timeout
2.104841470718384
62559
147864
62586 True 1801.1756267547607 timeout

100
62586
147892
62586 1802.1085631847382 timeout
2.197321653366089
62559
147864
62586 True 1801.1683328151703 timeout

250
62586
147892
62586 1802.0322217941284 timeout
2.1784920692443848
62559
147864
62586 True 1801.210944890976 timeout

500
62586
147892
62586 1801.9500772953033 timeout
2.060804605484009
62559
147864
62586 True 1801.1498339176178 timeout

750
62586
147892
62586 1801.9990808963776 timeout
2.1722638607025146
62559
147864
62586 True 1801.1447081565857 timeout

1000
62586
147892
62586 1801.9813017845154 timeout
2.145111083984375
62559
147864
62586 True 1801.1620240211487 timeout

2500
62586
147892
62586 1801.946682691574 timeout
2.192939519882202
62559
147864
62586 True 1801.1356008052826 timeout

5000
62586
147892
62586 1801.1414804458618 timeout
2.198805093765259
62559
147864
62586 True 1801.1373920440674 timeout

7500
62586
147892
62586 1801.1257224082947 timeout
2.240159273147583
62559
147864
62586 True 1801.1401100158691 timeout

10000
62586
147892
62586 1801.1685535907745 timeout
2.207746982574463
62559
147864
62586 True 1801.1747415065765 timeout

12500
62586
147892
62586 1801.1378695964813 timeout
2.2457170486450195
62559
147864
62586 True 1801.153207540512 timeout

15000
62586
147892
62586 1801.1298463344574 timeout
2.256343126296997
62559
147864
62586 True 1801.1159510612488 timeout

17500
62586
147892
62586 1801.1380023956299 timeout
2.2576181888580322
62559
147864
62586 True 1801.140332698822 timeout

20000
62586
147892
62586 1801.1345825195312 timeout
2.2669923305511475
62559
147864
62586 True 1801.1440317630768 timeout

22500
62586
147892
62586 1801.173021554947 timeout
2.3237669467926025
62559
147864
62586 True 1801.1755952835083 timeout

25000
62586
147892
62586 1801.1646058559418 timeout
2.3374366760253906
62559
147864
62586 True 1801.159853219986 timeout

27500
62586
147892
62586 1801.1594111919403 timeout
2.3831636905670166
62559
147864
62586 True 1801.1800248622894 timeout

30000
62586
147892
62586 1801.2047169208527 timeout
2.364408016204834
62559
147864
62586 True 1801.1637117862701 timeout

32500
62586
147892
62586 1801.169900894165 timeout
2.4185211658477783
62559
147864
62586 True 1801.1669940948486 timeout

35000
62586
147892
62586 1801.1537902355194 timeout
2.392076015472412
62559
147864
62586 True 1801.166151046753 timeout

37500
62586
147892
62586 1801.1627583503723 timeout
2.4338464736938477
62559
147864
62586 True 1801.1915335655212 timeout

40000
62586
147892
62586 1801.1545405387878 timeout
2.371014356613159
62559
147864
62586 True 1801.1587932109833 timeout

42500
62586
147892
62586 1801.1761572360992 timeout
2.432664632797241
62559
147864
62586 True 1801.1702706813812 timeout

45000
62586
147892
62586 1801.1944527626038 timeout
2.383416175842285
62559
147864
62586 True 1801.182975769043 timeout

50000
62586
147892
62586 1801.162445783615 timeout
2.427520275115967
62559
147864
62586 True 1801.1675605773926 timeout

52500
62586
147892
62586 1801.1510038375854 timeout
2.4186153411865234
62559
147864
62586 True 1801.1615545749664 timeout

55000
62586
147892
62586 1801.2005352973938 timeout
2.4817748069763184
62559
147864
62586 True 1801.1631290912628 timeout

60000
62586
147892
62586 1801.1733186244965 timeout
2.3733623027801514
62559
147864
62586 True 1801.2043299674988 timeout

62500
62586
147892
62586 1801.1637575626373 timeout
2.467034101486206
62559
147864
62586 True 1801.1861655712128 timeout
