n: 36692
m: 367662
465

1
36692
367662
36692 183.70900106430054 False
0.01729726791381836
36692
367662
36692 False 4.76837158203125e-07 False

15
36692
367662
36692 1805.874655008316 timeout
0.017880916595458984
36692
367662
36692 False 4.76837158203125e-07 False

30
36692
367662
36692 1805.9639782905579 timeout
0.017784595489501953
36692
367662
36692 True 1803.3358836174011 timeout

45
36692
367662
36692 1805.9364230632782 timeout
0.017554521560668945
36692
367662
36692 True 1803.3617668151855 timeout

75
36692
367662
36692 1805.9319446086884 timeout
0.01775360107421875
36692
367662
36692 True 1803.3580451011658 timeout

90
36692
367662
36692 1805.9305131435394 timeout
0.01775646209716797
36692
367662
36692 True 1803.3590273857117 timeout

105
36692
367662
36692 1805.8870673179626 timeout
0.01754903793334961
36692
367662
36692 True 1803.3709795475006 timeout

135
36692
367662
36692 1805.9482915401459 timeout
0.017454862594604492
36692
367662
36692 True 1803.4323239326477 timeout

150
36692
367662
36692 1806.0621085166931 timeout
0.01778101921081543
36692
367662
36692 True 1803.4359383583069 timeout

165
36692
367662
36692 1806.0639271736145 timeout
0.017420530319213867
36692
367662
36692 True 1803.4413986206055 timeout

195
36692
367662
36692 1806.0596096515656 timeout
0.017497539520263672
36692
367662
36692 True 1803.3445842266083 timeout

210
36692
367662
36692 1805.890551328659 timeout
0.0170443058013916
36692
367662
36692 True 1803.37770485878 timeout

225
36692
367662
36692 1805.9342186450958 timeout
0.017164230346679688
36692
367662
36692 True 1803.3734753131866 timeout

255
36692
367662
36692 1805.9484286308289 timeout
0.017865657806396484
36692
367662
36692 True 1803.3734018802643 timeout

270
36692
367662
36692 1805.9401059150696 timeout
0.017647981643676758
36692
367662
36692 True 1803.3526163101196 timeout

285
36692
367662
36692 1805.9228916168213 timeout
0.01695108413696289
36692
367662
36692 True 1803.3982603549957 timeout

315
36692
367662
36692 1805.8639850616455 timeout
0.017884016036987305
36692
367662
36692 True 1803.3494415283203 timeout

330
36692
367662
36692 1805.9299640655518 timeout
0.021669864654541016
36692
367662
36692 True 1803.3452970981598 timeout

345
36692
367662
36692 1805.963365316391 timeout
0.01790642738342285
36692
367662
36692 True 1803.4430992603302 timeout

375
36692
367662
36692 1805.870368719101 timeout
0.017655372619628906
36692
367662
36692 True 1803.3250727653503 timeout

390
36692
367662
36692 1805.9091124534607 timeout
0.017154216766357422
36692
367662
36692 True 1803.378974199295 timeout

405
36692
367662
36692 1805.9760766029358 timeout
0.017571210861206055
36692
367662
36692 True 1803.381187915802 timeout

435
36692
367662
36692 1805.9252655506134 timeout
0.01699542999267578
36692
367662
