
1
36692
367662
36692 1.6893255710601807 False
756.5522146224976
0
0
36692 False 4.76837158203125e-07 False

5
36692
367662
36692 3600.0105860233307 timeout
865.7365627288818
0
0
36692 False 2.384185791015625e-07 False

10
36692
367662
36692 3600.010587453842 timeout
866.0074136257172
0
0
36692 False 4.76837158203125e-07 False

25
36692
367662
36692 3600.0105607509613 timeout
894.3920829296112
0
0
36692 False 4.76837158203125e-07 False

50
36692
367662
36692 3600.0105698108673 timeout
935.8301584720612
0
0
36692 False 7.152557373046875e-07 False

75
36692
367662
36692 3600.010623693466 timeout
884.8508539199829
0
0
36692 False 4.76837158203125e-07 False

100
36692
367662
36692 3600.010514974594 timeout
941.5491900444031
0
0
36692 False 4.76837158203125e-07 False

250
36692
367662
36692 3600.0106756687164 timeout
926.3139982223511
0
0
36692 False 4.76837158203125e-07 False

500
36692
367662
36692 3600.010448694229 timeout
793.0014429092407
0
0
36692 False 4.76837158203125e-07 False

750
36692
367662
36692 3600.0105657577515 timeout
1054.4864423274994
31903
291170
36692 True 3600.010584831238 timeout

1000
36692
367662
36692 3600.0105714797974 timeout
862.773847579956
32932
315354
36692 True 3600.0105612277985 timeout

2500
36692
367662
36692 3600.010558605194 timeout
404.7458164691925
35263
359640
36692 True 3600.010577917099 timeout

5000
36692
367662
36692 3600.0105805397034 timeout
0.18023133277893066
36692
367662
36692 True 3600.0104880332947 timeout

7500
36692
367662
36692 3600.0105793476105 timeout
0.14910268783569336
36692
367662
36692 True 3600.010511636734 timeout

10000
36692
367662
36692 3600.0106308460236 timeout
0.18811941146850586
36692
367662
36692 True 3600.0105769634247 timeout

12500
36692
367662
36692 3600.010636329651 timeout
0.21040797233581543
36692
367662
36692 True 3600.0107119083405 timeout

15000
36692
367662
36692 3600.010582447052 timeout
0.16034579277038574
36692
367662
36692 True 3600.0106387138367 timeout

17500
36692
367662
36692 3600.010657310486 timeout
0.18083500862121582
36692
367662
36692 True 3600.0106723308563 timeout

20000
36692
367662
36692 3600.010626077652 timeout
0.265655517578125
36692
367662
36692 True 3600.0104978084564 timeout

22500
36692
367662
36692 3600.0105867385864 timeout
0.27169013023376465
36692
367662
36692 True 3600.010561466217 timeout

25000
36692
367662
36692 3600.0106716156006 timeout
0.16291332244873047
36692
367662
36692 True 3600.0105724334717 timeout

27500
36692
367662
36692 3600.0105361938477 timeout
0.1956322193145752
36692
367662
36692 True 3600.0105810165405 timeout

30000
36692
367662
36692 3600.010576725006 timeout
0.28322792053222656
36692
367662
36692 True 3600.0105497837067 timeout

32500
36692
367662
36692 3600.0106163024902 timeout
0.16715407371520996
36692
367662
36692 True 3600.010638475418 timeout

35000
36692
367662
36692 3600.0104897022247 timeout
0.29565954208374023
36692
367662
36692 True 3600.0103931427 timeout
