n: 62586
m: 147892

1
62586
147892
62586 3601.571312189102 timeout
1287.8064181804657
0
0
62586 True 2.8769350051879883 False

5
62586
147892
62586 3602.856714487076 timeout
1436.7610137462616
166
189
62586 False 4.76837158203125e-07 False

10
62586
147892
62586 3602.3624970912933 timeout
1492.8378264904022
166
189
62586 False 4.76837158203125e-07 False

50
62586
147892
62586 3602.925785779953 timeout
1626.1617846488953
166
189
62586 True 3601.5043263435364 timeout

100
62586
147892
62586 3601.9037733078003 timeout
1718.3577251434326
166
189
62586 True 3600.849092245102 timeout

250
62586
147892
62586 3601.94451212883 timeout
1791.5925679206848
166
189
62586 True 3.299924612045288 True

500
62586
147892
62586 3602.169894695282 timeout
1837.0321848392487
166
189
62586 True 3.0328967571258545 True

750
62586
147892
62586 3601.570749282837 timeout
1884.2016899585724
166
189
62586 True 2.8922278881073 True

1000
62586
147892
62586 3603.20765209198 timeout
1798.6860523223877
166
189
62586 True 3.1322684288024902 True

2500
62586
147892
62586 3602.453957796097 timeout
2012.8113100528717
166
189
62586 True 3.0435314178466797 True

5000
62586
147892
62586 3604.177858352661 timeout
2113.777480363846
166
189
62586 True 3.169217586517334 True

7500
62586
147892
62586 3601.7329988479614 timeout
2181.5199797153473
166
189
62586 True 3.1133415699005127 True

10000
62586
147892
62586 3603.8967065811157 timeout
2203.147643327713
166
189
62586 True 3.1617228984832764 True

12500
62586
147892
62586 3602.341857433319 timeout
2150.709052324295
166
189
62586 True 3.1288819313049316 True

15000
62586
147892
62586 3603.779275894165 timeout
2123.978804588318
166
189
62586 True 3.5076773166656494 True

17500
62586
147892
62586 3601.7350614070892 timeout
2150.4359147548676
166
189
62586 True 3.3540990352630615 True

20000
62586
147892
62586 3604.2696344852448 timeout
2124.5245356559753
166
189
62586 True 3.59887957572937 True

22500
62586
147892
62586 3603.969185590744 timeout
2106.7155072689056
166
189
62586 True 3.6610963344573975 True

25000
62586
147892
62586 3603.849092721939 timeout
2114.9345285892487
166
189
62586 True 3.3103878498077393 True

27500
62586
147892
62586 3602.762622356415 timeout
1967.4611077308655
166
189
62586 True 3.3012819290161133 True

30000
62586
147892
62586 3602.658475637436 timeout
1977.5457158088684
166
189
62586 True 2.7409918308258057 True

32500
62586
147892
62586 3602.809956550598 timeout
1943.4735095500946
166
189
62586 True 3.600621461868286 True

35000
62586
147892
62586 3604.022467136383 timeout
1900.0301678180695
166
189
62586 True 3.3099396228790283 True

37500
62586
147892
62586 3602.743667125702 timeout
1888.6822535991669
166
189
62586 True 2.7110393047332764 True

40000
62586
147892
62586 3603.8530950546265 timeout
1914.6779880523682
166
189
62586 True 3.6512036323547363 True

42500
62586
147892
62586 3605.118926525116 timeout
1909.435453414917
166
189
62586 True 3.208021879196167 True

45000
62586
147892
62586 3604.2292387485504 timeout
1851.8781306743622
166
189
62586 True 3.1132149696350098 True

47500
62586
147892
62586 3604.467455148697 timeout
1864.3473241329193
166
189
62586 True 3.4799554347991943 True

50000
62586
147892
62586 3604.5078485012054 timeout
1890.8576316833496
166
189
62586 True 3.7089977264404297 True

52500
62586
147892
62586 3602.634790658951 timeout
1856.7286586761475
166
189
62586 True 3.707465648651123 True

55000
62586
147892
62586 3603.0662932395935 timeout
1835.0608959197998
166
189
62586 True 3.3395755290985107 True

57500
62586
147892
62586 3602.243838071823 timeout
1845.0207741260529
166
189
62586 True 3.781606912612915 True

60000
62586
147892
62586 3602.2017307281494 timeout
1910.6051545143127
166
189
62586 True 3.4697861671447754 True

62500
62586
147892
62586 3601.802573442459 timeout
1863.412671804428
166
189
62586 True 3.2707104682922363 True

65000
62586
147892
62586 3602.594081878662 timeout
1842.410974740982
166
189
62586 True 3.265272617340088 True

67500
62586
147892
62586 3601.755404472351 timeout
1818.0500116348267
166
189
62586 True 3.424193859100342 True

70000
62586
147892
62586 3603.992543697357 timeout
1847.3100175857544
166
189
62586 True 3.2299365997314453 True

72500
62586
147892
62586 3604.4505758285522 timeout
1836.3977100849152
166
189
62586 True 3.7199883460998535 True

75000
62586
147892
62586 3604.0432274341583 timeout
1816.7821156978607
166
189
62586 True 3.0998270511627197 True

77500
62586
147892
62586 3602.617713689804 timeout
1557.4843974113464
166
189
62586 True 3.2434983253479004 True

80000
62586
147892
62586 3602.8232641220093 timeout
1554.2064685821533
166
189
62586 True 3.42791748046875 True

82500
62586
147892
62586 3604.159257888794 timeout
1557.9662919044495
166
189
62586 True 3.6034669876098633 True

85000
62586
147892
62586 3603.7991602420807 timeout
1569.214430809021
166
189
62586 True 3.272951364517212 True

87500
62586
147892
62586 3603.669506788254 timeout
1555.284690618515
166
189
62586 True 3.2278053760528564 True

90000
62586
147892
62586 3602.1739621162415 timeout
1559.640413761139
166
189
62586 True 3.0870885848999023 True

92500
62586
147892
62586 3603.4737446308136 timeout
1555.754328250885
166
189
62586 True 3.6175785064697266 True

95000
62586
147892
62586 3602.113555431366 timeout
1553.6325600147247
166
189
62586 True 3.1143181324005127 True

97500
62586
147892
62586 3602.6451003551483 timeout
1562.0906760692596
166
189
62586 True 3.078826665878296 True

100000
62586
147892
62586 3602.3952605724335 timeout
1551.8044390678406
166
189
62586 True 3.219916582107544 True

110000
62586
147892
62586 3603.5417206287384 timeout
1562.2175574302673
166
189
62586 True 3.0952377319335938 True

125000
62586
147892
62586 3604.228070497513 timeout
1569.012174129486
166
189
62586 True 3.261582851409912 True

140000
62586
147892
62586 3604.1005284786224 timeout
1545.6148931980133
166
189
62586 True 3.24316143989563 True

145000
62586
147892
62586 2618.16791844368 True
1549.6552588939667
166
189
62586 True 1.4693455696105957 True
