n: 4039
m: 88234

1
4039
88234
4039 0.910085916519165 True
76.53541469573975
0
0
4039 True 0.0003540515899658203 True

5
4039
88234
4039 1.3540422916412354 True
81.14481902122498
0
0
4039 True 0.0003695487976074219 True

10
4039
88234
4039 1.4060239791870117 True
83.30433917045593
0
0
4039 True 0.0003535747528076172 True

25
4039
88234
4039 1.3025755882263184 True
78.09910702705383
0
0
4039 True 0.0002810955047607422 True

30
4039
88234
4039 2.0266218185424805 True
81.03722977638245
0
0
4039 True 0.00034809112548828125 True

35
4039
88234
4039 1.3379311561584473 True
77.02184200286865
0
0
4039 True 0.00036597251892089844 True

40
4039
88234
4039 1.3073205947875977 True
82.45474529266357
0
0
4039 True 0.00035262107849121094 True

45
4039
88234
4039 1.2953271865844727 True
86.95767760276794
0
0
4039 True 0.000354766845703125 True

50
4039
88234
4039 0.2343127727508545 True
88.67221975326538
0
0
4039 True 0.0003495216369628906 True

55
4039
88234
4039 1.33803129196167 True
78.69023036956787
0
0
4039 True 0.00036215782165527344 True

60
4039
88234
4039 1.3167774677276611 True
84.79153370857239
0
0
4039 True 0.00034689903259277344 True

65
4039
88234
4039 1.3259766101837158 True
87.00881242752075
0
0
4039 True 0.00028824806213378906 True

70
4039
88234
4039 1.3199543952941895 True
85.40613961219788
0
0
4039 True 0.00034427642822265625 True

75
4039
88234
4039 1.3254778385162354 True
86.06612920761108
0
0
4039 True 0.0003483295440673828 True

80
4039
88234
4039 1.3177571296691895 True
85.86109805107117
0
0
4039 True 0.0003566741943359375 True

85
4039
88234
4039 1.3265128135681152 True
85.14988613128662
0
0
4039 True 0.0003483295440673828 True

90
4039
88234
4039 1.3213627338409424 True
86.09258079528809
0
0
4039 True 0.00034999847412109375 True

95
4039
88234
4039 1.3300037384033203 True
86.07699632644653
0
0
4039 True 0.0003638267517089844 True

100
4039
88234
4039 1.317103385925293 True
86.29792857170105
0
0
4039 True 0.0002734661102294922 True

250
4039
88234
4039 1.333270788192749 True
86.70551061630249
0
0
4039 True 0.000354766845703125 True

500
4039
88234
4039 1.3222756385803223 True
86.69709348678589
0
0
4039 True 0.0002856254577636719 True

750
4039
88234
4039 1.3324084281921387 True
87.00361561775208
0
0
4039 True 0.00035858154296875 True

1000
4039
88234
4039 1.3256855010986328 True
86.15899705886841
0
0
4039 True 0.0003452301025390625 True

2500
4039
88234
4039 1.3211233615875244 True
86.36745929718018
0
0
4039 True 0.00034809112548828125 True

5000
4039
88234
4039 1.3160803318023682 True
86.11710095405579
0
0
4039 True 0.0003311634063720703 True

7500
4039
88234
4039 1.3210344314575195 True
86.14264106750488
0
0
4039 True 0.0003523826599121094 True

12500
4039
88234
4039 1.319920301437378 True
85.67859745025635
0
0
4039 True 0.0003631114959716797 True

15000
4039
88234
4039 1.3204622268676758 True
86.44569301605225
0
0
4039 True 0.0003840923309326172 True

17500
4039
88234
4039 1.3163247108459473 True
86.44310903549194
0
0
4039 True 0.0003688335418701172 True

22500
4039
88234
4039 1.3204514980316162 True
86.35647702217102
0
0
4039 True 0.00035119056701660156 True

25000
4039
88234
4039 1.3180480003356934 True
86.49861550331116
0
0
4039 True 0.0003848075866699219 True

27500
4039
88234
4039 1.319286823272705 True
86.56929993629456
0
0
4039 True 0.0003662109375 True

32500
4039
88234
4039 1.3248064517974854 True
87.74316740036011
0
0
4039 True 0.0002944469451904297 True

35000
4039
88234
4039 1.3239948749542236 True
87.91326999664307
0
0
4039 True 0.00035190582275390625 True

37500
4039
88234
4039 1.322606086730957 True
86.73542308807373
0
0
4039 True 0.00034046173095703125 True

42500
4039
88234
4039 1.3173928260803223 True
85.8679449558258
0
0
4039 True 0.0003669261932373047 True

45000
4039
88234
4039 1.3201301097869873 True
86.8693459033966
0
0
4039 True 0.00034546852111816406 True

47500
4039
88234
4039 1.321380376815796 True
86.27896285057068
0
0
4039 True 0.0003485679626464844 True

52500
4039
88234
4039 1.3189520835876465 True
86.89450812339783
0
0
4039 True 0.0003695487976074219 True

55000
4039
88234
4039 1.3224992752075195 True
86.68790125846863
0
0
4039 True 0.00034356117248535156 True

57500
4039
88234
4039 1.3221046924591064 True
86.65429449081421
0
0
4039 True 0.00037384033203125 True

62500
4039
88234
4039 1.3205304145812988 True
86.99912810325623
0
0
4039 True 0.0003428459167480469 True

65000
4039
88234
4039 1.3242101669311523 True
87.43708872795105
0
0
4039 True 0.00037217140197753906 True

67500
4039
88234
4039 1.3254597187042236 True
86.6613712310791
0
0
4039 True 0.0003502368927001953 True

72500
4039
88234
4039 1.3248672485351562 True
86.42880916595459
0
0
4039 True 0.00034689903259277344 True

75000
4039
88234
4039 1.324610948562622 True
87.7808198928833
0
0
4039 True 0.0003504753112792969 True

77500
4039
88234
4039 1.3428945541381836 True
87.7677628993988
0
0
4039 True 0.00034308433532714844 True

82500
4039
88234
4039 1.328284502029419 True
87.3095338344574
0
0
4039 True 0.0003578662872314453 True

85000
4039
88234
4039 1.3276286125183105 True
87.21412086486816
0
0
4039 True 0.0003540515899658203 True

87500
4039
88234
4039 1.32914400100708 True
87.12684178352356
0
0
4039 True 0.00035071372985839844 True
