
1
4039
88234
4039 0.022110700607299805 False
42.25668287277222
0
0
4039 False 4.76837158203125e-07 False

5
4039
88234
4039 3600.0104615688324 timeout
56.53410863876343
0
0
4039 False 4.76837158203125e-07 False

10
4039
88234
4039 3600.010588169098 timeout
43.4833664894104
0
0
4039 False 4.76837158203125e-07 False

25
4039
88234
4039 3600.0104818344116 timeout
47.4002525806427
0
0
4039 False 2.384185791015625e-07 False

50
4039
88234
4039 3600.0106177330017 timeout
44.96928286552429
0
0
4039 False 2.384185791015625e-07 False

100
4039
88234
4039 3600.010585308075 timeout
47.2064688205719
0
0
4039 False 2.384185791015625e-07 False

150
4039
88234
4039 3600.0105476379395 timeout
47.45413637161255
0
0
4039 False 4.76837158203125e-07 False

200
4039
88234
4039 3600.010504245758 timeout
38.902286767959595
0
0
4039 False 4.76837158203125e-07 False

250
4039
88234
4039 3600.0105607509613 timeout
2.148526191711426
3980
83672
4039 False 4.76837158203125e-07 False

300
4039
88234
4039 3600.0105760097504 timeout
2.109132766723633
3984
84750
4039 True 3600.010541200638 timeout

350
4039
88234
4039 3600.010673046112 timeout
1.645439624786377
3999
85096
4039 True 3600.0104687213898 timeout

400
4039
88234
4039 3600.010725736618 timeout
1.7741026878356934
3999
85096
4039 True 3600.0106930732727 timeout

450
4039
88234
4039 3600.0105435848236 timeout
1.3315231800079346
3999
85096
4039 True 3600.0105726718903 timeout

4021
4039
88234
4039 3600.010643005371 timeout
0.06346368789672852
4039
88234
4039 True 3600.010570049286 timeout

4022
4039
88234
4039 3600.01056933403 timeout
0.03774237632751465
4039
88234
4039 True 3600.01060795784 timeout

4023
4039
88234
4039 3600.0106501579285 timeout
0.053733110427856445
4039
88234
4039 True 3600.010618686676 timeout

4024
4039
88234
4039 736.5396184921265 True
0.027052879333496094
4039
88234
4039 True 707.074211359024 True

4025
4039
88234
4039 401.89369320869446 True
0.030113935470581055
4039
88234
4039 True 397.0247552394867 True

4026
4039
88234
4039 17.11509943008423 True
0.02751326560974121
4039
88234
4039 True 16.43477201461792 True

4027
4039
88234
4039 4.206669569015503 True
0.03002190589904785
4039
88234
4039 True 4.1989123821258545 True

4028
4039
88234
4039 1.4813506603240967 True
0.02964043617248535
4039
88234
4039 True 1.9919037818908691 True

4030
4039
88234
4039 0.08913278579711914 True
0.030094146728515625
4039
88234
4039 True 0.08132696151733398 True

4038
4039
88234
4039 0.025835037231445312 True
0.029511451721191406
4039
88234
4039 True 0.030493497848510742 True
