
1
62586
147892
62586 6.114339590072632 False
1741.4744083881378
0
0
62586 False 7.152557373046875e-07 False

5
62586
147892
62586 3601.8925371170044 timeout
1827.5211200714111
0
0
62586 False 9.5367431640625e-07 False

10
62586
147892
62586 3601.9517254829407 timeout
1841.1545722484589
0
0
62586 False 4.76837158203125e-07 False

25
62586
147892
62586 3601.905955553055 timeout
1841.6724226474762
0
0
62586 False 4.76837158203125e-07 False

50
62586
147892
62586 3601.8297789096832 timeout
1795.791268825531
0
0
62586 False 7.152557373046875e-07 False

75
62586
147892
62586 3601.846596479416 timeout
2.397841691970825
62566
147719
62586 False 4.76837158203125e-07 False

100
62586
147892
62586 3601.8226487636566 timeout
0.05785799026489258
62586
147892
62586 False 2.384185791015625e-07 False

250
62586
147892
62586 3601.948789358139 timeout
0.06515979766845703
62586
147892
62586 False 2.384185791015625e-07 False

500
62586
147892
62586 3601.9253239631653 timeout
0.06648421287536621
62586
147892
62586 True 3601.1189062595367 timeout

750
62586
147892
62586 3601.961738586426 timeout
0.06998610496520996
62586
147892
62586 True 3601.1067259311676 timeout

1000
62586
147892
62586 3601.9539511203766 timeout
0.06157708168029785
62586
147892
62586 True 3601.0822122097015 timeout

2500
62586
147892
62586 3601.93830370903 timeout
0.06784725189208984
62586
147892
62586 True 3601.102109193802 timeout

5000
62586
147892
62586 3601.9769310951233 timeout
0.06424903869628906
62586
147892
62586 True 3601.101095199585 timeout

7500
62586
147892
62586 3601.9643445014954 timeout
0.07061433792114258
62586
147892
62586 True 3601.116713285446 timeout

10000
62586
147892
62586 3601.976912498474 timeout
0.06533551216125488
62586
147892
62586 True 3601.104474544525 timeout

12500
62586
147892
62586 3601.9585926532745 timeout
0.07182884216308594
62586
147892
62586 True 3601.185774087906 timeout

15000
62586
147892
62586 3601.9887380599976 timeout
0.06756830215454102
62586
147892
62586 True 3601.126582622528 timeout

17500
62586
147892
62586 3601.9905891418457 timeout
0.08148312568664551
62586
147892
62586 True 3601.153516769409 timeout

20000
62586
147892
62586 3601.9761049747467 timeout
0.07414841651916504
62586
147892
62586 True 3601.119687795639 timeout

22500
62586
147892
62586 3601.9312999248505 timeout
0.07018446922302246
62586
147892
62586 True 3601.106606721878 timeout

25000
62586
147892
62586 3601.898754835129 timeout
0.08927559852600098
62586
147892
62586 True 3601.0995650291443 timeout

27500
62586
147892
62586 3601.877739429474 timeout
0.0696866512298584
62586
147892
62586 True 3601.091388463974 timeout

30000
62586
147892
62586 3601.9379992485046 timeout
0.07739901542663574
62586
147892
62586 True 3601.1234216690063 timeout

32500
62586
147892
62586 3601.89501619339 timeout
0.09496665000915527
62586
147892
62586 True 3601.102667093277 timeout

35000
62586
147892
62586 3601.896757364273 timeout
0.08653402328491211
62586
147892
62586 True 3601.10112118721 timeout

37500
62586
147892
62586 3601.917464733124 timeout
0.09672880172729492
62586
147892
62586 True 3601.099459171295 timeout

40000
62586
147892
62586 3601.901090860367 timeout
0.07316446304321289
62586
147892
62586 True 3601.0996322631836 timeout

42500
62586
147892
62586 3601.961927652359 timeout
0.08199667930603027
62586
147892
62586 True 3601.102536916733 timeout

45000
62586
147892
62586 3601.9193336963654 timeout
0.09338974952697754
62586
147892
62586 True 3601.0968947410583 timeout

50000
62586
147892
62586 3601.88431596756 timeout
0.09018397331237793
62586
147892
62586 True 3601.1012024879456 timeout

52500
62586
147892
62586 3601.8842346668243 timeout
0.08900070190429688
62586
147892
62586 True 3601.1046240329742 timeout

55000
62586
147892
62586 3601.916645526886 timeout
0.07194852828979492
62586
147892
62586 True 3601.108999967575 timeout

60000
62586
147892
62586 3601.9159438610077 timeout
0.0708014965057373
62586
147892
62586 True 3601.1045389175415 timeout

62500
62586
147892
62586 3601.9516603946686 timeout
0.07622528076171875
62586
147892
62586 True 3601.1121933460236 timeout
